139,1.
195,18.
201,15.
198,20.
106,22.
93,5,102,13.170,27.
252,9,326,2
296,10
250,18.
106,18.
112,1.129,11
135,31.
136,25.
1,10,6,18.
238,6.239,3.4.
221,10.
111,26.
254,21.
288,12.
273,5.19.
87,30.
225,21.
213,14.22.
111,22.121,19.125,21.
29,23.
20,29.
233,11.
ebend.
305,22.317,2.325,11
177,23.
41,25.26.46,10.181,23.315,32.
170,18.
ebend.
1,105,46
225,12.17.
170,23.
161,22.
2,241.
170,2.
32,33.38,15.161,24.163,8.
315,4.
60,22.
65,14.67,21.94,10.
108,2.
32,2.33,12.
158,1.
2,18.
9,25.
2,26.
252,15.
38,6.
224,7.
163,2.174,5.175,25.184,1.186,6.
149,11.
199,9.
230,18
98,11
179,32.
223,12.
1189,23.
119,13.
88,26.96,16.
284,32.
38,10.
ebend.
230,20
19,6.
3,7.
176,28.
191,11,15.
111,30.
3,31,37.
253,11.
123,23.
15,23.
181,32.
87,2.
128,2.
184,17.
226,16.
12.
121,22.
121,7.
227,11,12
12,4,1,11.
102,1.
13,8,4,11.
10,1,5,1.
93,10.
128,25,24.
290,7.
151,16.
144,10.165,3,310,15.
19,13.20.
27,26.38,5.47,18.
132,27.
126,18.
294,17.308,31,311,33.
40,1.
98,4.180,5,214,10.
86,21.
91,21.98,17.130,30.
66,7.97,12.
104,27.
104,27.
165,23.
90,11.97,9.126,11.184,29.
25,4.
119,22.249;3.
118,5.
297,21.
214,9.
17.
63,9.183,4.
186,2.
185,12.
11,21.
6,11.19,27,20,5.
236.9.
220,7.
167,30.172,3.230,18.
251,27.
136,16.137,30
47,24.94,16.95,8.125,15.
98,17.206,27.
72,20.
152,13,285,23.
297,18
127,22.
230,16.
154,23.
179,21.
176,17.
230,18.252,5.
152,13.
286,15.
218,22.
135,9.
163,6.
277,20,279,30.
277,30.281,28.
103,8.217,16.
114,28.
73,29.
104,7.132,29.
37,28.
204,4.208,3.
19,4.
93,20.
273,5.288,12.
56,5.93,12.219,15.286,33.
219,16.220,11.
219,15.
137,16.
14,4.
161,19.
145,22.
300,31.
187,19.
65,16.124,23.139,6.320,24.
67,3.
3,8,35.
162,3.
14,16.22,10,3.
104,24.105,5.269,14.
1,12.
3,17.
31,19.191,9.239,13.258,30
284,32.
134,6.
29,27.28.
162,5.
90.
3,106.
20,13.
44,21.
98,14.99,24
279,10.14.
77,10.
120,21.
31,20
191,23,195,23.24
93,18.
22,15.37,4.94,1.
152,25.159,12.162,7.258,15.272,7.
187,5.
141,28,281,4.
61,6,73,10.
211,32.257,14.
43,9.153,25.28.
258,11.fgg.
235,16.
120,11.
201,20.
195,32.
195,6.
7,18.
231,26.
13,16.237,18.
192,1.
191,22.
30,32.
237,18.
218,4.
38,23.180,2.319,26.326,7.
190,18.
267,30.
37,20,21.
53,11.
217,5.
37,9.
290,4.
107,23.
96,12.
314,13.
24,32.
13,16.
107,27.
145,25.
107,11.27.119,27.
111,24.
225,21.
64,22.162,9.
217,8.
52,1,2.152,1.268,17.
148,9.
75,29.
268,12.17.
225,23.
10,19.
274,11.
7623.
91,18,207,25
123,14.
268,4.
32,3.
33,10.
182,22.
24,20.
48,12.328,7.32.
18,10.27,10.110,29.24,20.26,22.35,20.216,2.247,24.
25,3.37,2.38,9.199,32.
191,26.213,12.216,11
291,8.
40,29.79,8.91,30.95,24.113,28.153,13.278,27.279,30.
232,5.
233,6.
2,18
1,16.4,25.5,14.
162,11.
108,3.
297,7.
184,13.
70,2.
53,17.
62,6.
136,2.
106,8.
71,29.
97,32.170,9.
285,9.
22,14.
106,1.
302,28.
185,26.
69,18.
140,6.
162,19.
3554.
7849.
243,6,7.
106,26.
97,18.
213,15.
99,9.
42,11.
9,60,21.
49,13.
208,9.
112,14.
1,140,70.
270,30.
146,2.
166,11.
132,26.
311,11.
107,12.29.
220,30.
54,12.
162,15.
175,30,217,9.316,8.
181,22.
261,32.
104,23.
16,1.
121,8.
188,1.
169,26.
161,17.
187,27.
290,15.
105,28.
220,21.
249,24.
99,18.210,6,211,28.323,19.
177,21.187,19.304,28.
248,18.
147,13.
17,14.
213,26.
59,3.7.6,72,47.
145,27,28.
144,2.
325,6.
187,17.
51,24.
50,26.
220,14.
162,19.
247,4.260,17.
31,27.
98,8.
52,27.165,27.
63,12.
227,19.
242,1.
200,30.
83,16.86,3.26.162,21.175,20,324,31,327,26.
84,9.16.
137,16.123,16.
54,16.313,8.
162,23.
162,19.
143,23.
162,25.
185,2.
16,22.231,22.289,23.
111,21.
107,21.
69,32.131,27.
13,19.39,26.44,18.65,27.110,13.111,28.
142,15.145,20.150,13.
1,4.3,12.67,12.77,33.87,7.111,7.
150,17.151,17.19.153,13.
67,7.78,7.110,1.
34,26.35,7.48,23.53,3.
180,24.
174,14.180,2.182,16.
8,5.8,5.15,21.
11,22.
218,22.
17,6.
84,9.
29,6.
21,26.31,25.32,15.82,30.179,4.241,31.
79,17.218,2.
177,5.
196,9.
66,1.67,9.147,22.
143,10.145,21.152,5.313,8.
12,128,27.
34,15.
30,13.108,2.245,1.
225,31.
319,30.
209,26.212,1.
180,10.
200,30.
223,8.
163,1.
209,24.
222,3.
128,24
29,19.
176,6.
188,13.
7,21.
212,21.
198,6.
181,27.
195,22
193,31.
23,15.
43.6.
215,30.
113,12.
114,5.232,10.
30
206,5.
88,6,157,10.30.
163,3.4.
39,1.
219,12.
96,22.
207,32.
120,18.
38,8.51,21.65,6.
220,32.
248,22.
48,16.163,7.
128,28.
43,12.163,5.250,5.
142,2
146,29.155,30.
7,13.10,4.99,19.
258,7.284,33.
288,16.
253,15.
253,15.
282,25.286,8.
289,3,6.
288,27.
261,7.284,25.
30,13.
147,22.
104,31.161,16.163,11.
13.
46,9.
59,14.
104,33.
165,16.
189,23.
3,19.
167,29.219,17.251,21.23.
31,1.
182,11.203,28.221,16.
41,31.163,15.
184,15.
38,10.
19,11.22.80,12.106,28.173,28.
35,32.299,21.
268,4.
67,6.152,23.168,28.170,27.173,16.180,12.290,10.
163,9.
56,10.
227,6.
56,19.110,25.111,7.
154,22.
154,12.169,13.
35,22.
32,21.
160,2.
19,20.
8,12.
227,5.
8,11.14,12.16,13.
228,10.11.
8,9.14,17.15,27.
36,22.
40,4.303,14.310,17.
130,22.250,7.
63,25.168,23.176,14.182,22.197,30.228.7.
51,27.122,27,171,30.
75,2.
165,6.175,21.319,3.
96,26.
126,20.113,26.
224,13.
233,3.237,23.238,17.
175,28.
149,3.
239,8.
221,6.226,25.
109,25.
253,28.254,3.256,24.
191,32.
9,1,1,6.
1,22.
22,3.
137,29.139,6
215,6,11.
216,23
246,23.
193,10.14.
27.
193,1.
106,12.
235,20.
233,8.
249,31.
139,19.
11,9.18,2.
193.
217,8.
65,17.27.
99,8.317,7.
19,27.
30,1.
105,29.
257,31.258,3
200,13.
133,18.176,28.234,7.
34,21.127,4.
227,19.231,23.
177,9.
16,4.
24,9,36,7.
19,17.
32,2.
260,26.281,27
200,27.
166,23.
46,18.50,32.51,21.
6,3,30.
52,16.
130,11.296,15.
147,3.
296,15.
130,12.
42,30.
260,5.
37,2.
240,25.
240,27.28.
243,30.
163,17.
2,10,34,24.56,17.165,28.
104,29.105,4.
56,19.
74,17.199,31.226,20.
107,21.142,26.
96,4.97,23.29
83,7.
ebend.
43,10.
104,17
126,19.
130,6.
38,27.
43,6.200,5.201,27.
46,7.
1066,18.
284,24.
210,31.
58,21.
107,5.
226,24.fgg.
316,10.
166,28.
6,19.
12,18.13,5.
98,3.
110,4.121,9.
94,3.163,19.164,26.
214,17.
182,16.
214,30.221,8.
28,23.
119,18.
281,17.
35,23.
70,28.
285,9.
106,28.284,14.
286,19.22.25.29.
216,12.
2,2,54.
201,11.
163,21.
35,25,26.
6,7,9.8,7.8.
214,20.118,25.
142,26.
105,26.161,11.
71,1.10.
11,5.
200,24.
172,20.
272,27.31.
273,8.
66,23.
173,15.233,22.
104,26.
213,4.215,27.
36,21.
206,14.
166,27.
79,20.
6,6,3.
189,11.
105,1.179,18.204,18.
30,12.
240,16.
36,12.
96,2.
134,6.
289,11.
163,23.183,17.255,23.
225,28.
255,27.273,6.
161,25.
4,30.
2,28.
98,11.
248,14.
16,14.
197,7.210,25.26.
38,16.
226,26.
258,11.
192,4.
301,11.
104,5.219,11.
76,24.219,21.
294,26.
210,31.
12,23.
104,28.
18,1.
58,15.139,25.189,19.
217,15.254,18.
208,7.
158,2.
243,24.
ebend.
2,72.
98,32.
156,4.
225,4.
260,1.
187,25.
40,19.157,27.
294,31.
239,19,22.
211,5.
94,11.
313,18.
106,20.
2903.
215,7.
186,12.
21,13.
218,23
101,4.211,18
45,18.
61,15.
149,20.
197,6.
163,28.
223,32.
256,17.284.14.
45,19.107,22.137,11.181,9.216,18,290,19.
141,22.
121,4.
115,2.152,3.157,2.
284,14
83,2.191,27.195,19.
91,22.
148,18.
134.
90,16.
177,5.
179,15.
177,6.
104,24,105,2.315,4.
228,2.
180,26.
195,18.
211,11.
151,14.171,14.
140,30.
201,9.
187,19.
85,20.
188,13.
156,24.
237,3.
ebend.
ebend.
261,5.270,18.
38,15.
38,6.7.
97,2.
293,11.306,20.308,20.325,16.
163,20.
253,24.28.
214,21.254,24.
285,15.270,31.272,30.273,7.
105,26.29.155,12.
ebend.
104.
47,5.
132,26.
96,9.
156,18.
123,12.
39,3.58,5.71,12.72,13.
115,9.129,13.
218,5.
227,27.
209,22.
3,34.
205,28.
142,2.288,22.23.
240,15.
212,22.
2488.2522
244,2.254,4.282,20.283,22.
1,126.
156,6.158,27.
42,26.43,9.
151,24.156,30.157,2.
209,18.(
106,31.
266,6.
259.
93,3.
3242.
42,6.
41,1.
259,19,20.
43,20.
209,20.
107,27.140,6.
204,20.
45,6.
26,6.
291,5.
30,22.110,25.
96,31.100,17.103,11.104,5.119,29.138.10.106,22.
172,4.283,4.290,15.
139,8,20.
38,5.
38,14.166,21.185,29.220,4.262,20.
108,4.
229,16.235,7.
227,4.
33,18.
100.000
263,27.¨29.266,17.287,33.289,12.
42,19.
5.6.
85,25.150,8.
84,5.
74,25.
32,22.33,1.
29.
166,11.248,26.304,27.310,13.
76,10.137,20.299,26.304,23.
135,32.
32,7.
217,17.20.
127,6.
297,19.
133,14.181,14.
290,4.
173,1.
132,4.
3,4,6,13.
39,16.43,21.45,2.
142,15.145,20.150,13
106,24
114,22.
106,1.
41,27.
117,15.
145,1.171,2.181,2.
152,2.
165,7.
121,26.124,24.
150,12.151,6.158,26.
16,15.
120,25.
176,4.
103,5.
133,14.
136.
133,1.
4,22,3.
52,19.
269,15.286,8.
209,12.
39,10.
219,9.
107,13
63,20
222,3.
308,23.
263,31.
230,24.
259,1.
105,24.
96,8.
867.
20,1.23,32.
54,7.78,25.
199,5.
1000,000,000,000,000.
363.
176,16.
86,10.
104,27.
128,2.
40,29.
230,1.
268,32.269,7.
269,7.
94,28.
193,23
300,27.
183,27.
222,27.
314,14.
169,20.
302,12.
1717,17.197,15.
166,15.
184,32.
77,11.173,18.297,24.
134,1.
164,1.fgg.
60,1,73,23.
43,16.61,9.
251,24.
42,10,73,24.
153,21.
202,29.210,27.213,31.
115,16.
209,25.
274,10,11.
210,31.
214,14.
199,19.
105,8.
214,15.
184,23.210,29.
212,17.
248,10.
132,3.
113,13.124,27.
3,70,4.
20.
34.
132,18.222,20.
106,26.172,7.310,19
40,26.
161,4.
106,28.
38,12.
46,6,15.
62,3.13.
263,13.274,17.
219,26
7002.
287,32.
187,6.
ebend.
189,17.
27,16.
7,9
170,16.
74,26.
207.
107,11.
184,20.
218,21.
5692.
176,1.
29,1.
40,8.
25,17.
140,23.
15.
285.28.
169,15.
261,23.
279,13.
10
ebend.
279,21.
242,15.
276,9.
43,8.
43,29.
1,10.
227,25.
83,28.
257,31.
227,15.228,11.29,238,19.
ebend.
307,25
106,18.
ebend.
ebend.
72,18.101,12.
36,18.
152,2.
60,19.
242,1.
273,15.
120,16.
172,30.184,14.
ebend.
158,2.
ebend.
264,20.24.
44,27.28.
105,6.
42,14.
2,14,54.
96,28.97,20.
27,20
35,26.
201,4.
28,13.
82,2.
89,9.123,13.
(108,6
69,8.127,1.142,22.
91,2.
282,28.
283,18.
181.
ebend.
289.
238,8.285,8.
266,11,20.
279,1.2.280,4.
282,20.
107,6.
10.
272,13.
52,9.
86,28.181,30.
120,25.
18
184,14.
102,20.
48,5.
1,53.5,1,5.8.
279,1.
ebend.
111,15.
38,5.6.
67,8.
21.
181,9.
16
17
98,1.
273,5.
209,24.230,13.
193,26.
226,14.
45.
71,19.140,23.319,26.
47,28.
58.
71,26.75,8.
88,13.30.
42,26.
77,8.
92,28.108,4.
206,15.
193,7.
153,6.
297,17.
1000,000,000.
133,19.
3.
1,31,13.
128,25.
51,10.
285,17.
159,1.
3.
2,9.
220,9.
216,16.
324,31.
205,13.212,13.
209,15.
126,19.
215,19.
3.
224,23.
19.
281,4.
302,6.328,11.
258,19.2.259,20.
325,15.
146,18.
228,18.
57,11.58,18.
264,9.268,28.
133,9.
153,4.291,26.
291,6.
9.
213,23.
140,23.
6,70,19.
230,8.
292,18.
93,22.
108,6.
56,16.
92,15.
107,5.
6,10.11.
130,7.
249,20.
54,20.
97,11.
163,2.
260,26.31.285,17.
104,3.
107,20.
ebend.
51,25.
221,2.
112,12
244,6.
267,10.317,25.
313,10.
133,21.
33,6.
54,18.
232,29.233,7.
282,28.283,12.
85,9
308,12.
223,27.
211,3.
5
66,23.
162,5.
47,5.
219,14.
152,21.210,6.223,11.
54,6.106,5.
60,23.
104,18.
250,21.
103,15.
105,4.
4143.
4
20.
289,3.
35,17.
148,19.
24,14.206,2.
76,26.
72,25.
82,9.
170,25.
136,10.
69,79.
136,11.
240,21.
67,27.164,10.
134,21.
87,1.
102,17.
ebend.20,4.
171,28.175,17.
126,22.
116,17.
296,25
1875
76.
138,14.
l.1,217.
99,23.
162,29.
33.
95,2.
170,28.
290.
248,9.30.
319,8.
119,12.
167,16.
163,6.219,6.
248,3.
124.
7,10,45.23,45.
39,49.
68,4.123,2.
ebend.
60,17.
276,7.
85,17.
39,26.
204,10.
40,28.
59,6.
22,3.
102,25.
24,9.
304,32.315,32
117,2.9.
252,4.
278,19.
ebend.
19.
187,16.290,20.291,24.26.312,18.
218,8.
251,32.252,4.
271,21.
44,18.
113,22.176,2.315,27.
296,31.
109,13.
215,2.
96,20.
188,16.189,1.
89,6.
154,25.
155,29.
570.
92,32.
2
24
ebend.
1086.
251,27.
88,22.
167,26.
105,28.
ebend.86,a,28.202,a,8.
112,10.
6.
96,19.
183,13.217,30.
86,9.
83,18.
292,22.
52,20.
83,15
83,15.fgg.
218,24.
252,5.
229,7.
100,10
40,22.
84,10.
207,12.
5,7,5,3.
82,17.
12
251,13.
253,4.
3,2,38.
78.
220,21.
191,16.
18.
67,26.
39,28.
11.
82,18.
165,30.
123,16
212,33.213,26.214,12.
7.
2,23
7148.
ebend.
228,26.231,15.28.
24.
ebend.
5187.
253,15.
104,33.
211,33.
72,13.
229,3.
138,14
108,7
291,14.324,17.
180,31.
(210,32
214,20.
96,32.
83,12.
215,1.
210,1,14.
213,7.25.
231,29.
140,1.
1666.
4833.
130,28.
87,11.
211,20,214,10.12.
256,10.
233,10.
135,8.
290,14.
ebend.
155,13.
43.
31,15.
66,32.
1,34.
114,1.
3,19.
4,4.
448,3
350
17
10,000,000.
149,5.
21,14.
184,29.
8.11,5,5,6.
60
ebend.
164,24.
72,5.
110,32,126,12.127,13.157,30.
83,19.
233,27.
165,21.203,32.
71,4.
101,21.
106,7.
220,19.248,25.
175,15.
220,12.
186,11.324,18.
127,3
284,33.
232,19.
215,21.
260,1.275,6.
101,15.
215,22
142,3.
217,28.
66,18.
301,11.
65,26.
115,4.
205,8.21.
312,27.
314,9.
294,13.
42,14.
153
22
102,11.
102,12.106,7.
103,14.
97,16.
219,21.289,6.
53,24.
285,10.
289,12.
259,6.260,1.
281,16.17.
219,26.
5,1,8.10.10,12,1.
5,4,6.
101,17.
230,19.
251,24.
251,28.
88,24.
ebend.93,30.
7740.
2,13.
159,9.
261,22,24.
13.
125,1.135,9.
184,2.
132,25.
176,7.
258,3.9.274,5.
31,6.
284,25.285,9.
49,8.
ebend.
229,1.
264,24.
253,10.
126,10.
72,17.
255,11.270,8.9.
191,9.
61,1.
285,1.
89,25.
90,27.
120,18.
205,6.26.
118,14.
118,14.
685.
100,18.110,17.
88,3.
4,12.
58,63.
300,26.
210,1.214,22.276,33.280,10.288,1.
169,22.210,3.
214,23.
320,18.
22,17.
261,14.
294,25.
37,13.
7,5,23.
283,18.19.
315,7.
323,22.
111,6.
29,27.28.
88,23.
220,28.
82,3.
71,9.
55.60.
194,19
165,31.
104,26.105,7.
244,2.
225,30.
94,27.
94,28
81,25.30
28
2,56.
ebend.
35,20.
(271,21
5,2,18.
694
204,5.
224,29.
120,19
35,25.26.264,30.
238,20.
82,21.
74,20.
43,8.
105,1.
5,18.
115,18.
108,8.
27,20.
9,3.
100,19.109,4.
279,1.
118,9
1,6,16
283,32
2.1,152
4.
81,23.
10.
217,33.
299,23.
110,14.
22,11.
1,2,2,10.
133,22.
5,4,1.
244.
140,11.
51.
10,4,2,13.
212,18.
8,6,4.
180
212,28.
73,12.26.
30,22.
39,26.
66,17.
102,23.
74,27.
34,23.
180,6.
57,18.
59,26.
185
294
211
104,14,21.
297,1.
124,21.
75,23.
299,25.
93,5.
93,27.
113,17.218,6.
169,11.
311,11.
292,4.62,33.
250,3.
304,32.310,4.320,8.
175,31.
115,17.
43,21.
128,31.
21,16.
236,14.
128,14.
34,23.162,1.
251,16.259,28.263,24.293,11.304,24.321,6.
259,28.
251,16.
104,8.169,4.215,25.292,4.297,1.
261,24.
106,21.
88,20.
77,5.
34.
14,75,15.
159.
193,22.
197,29.
105,1.
180,12.
105,27.
285,18.
68,26.
52,12.
252,28.
160,16
155,26
81,27
281,16
251,15.
184,27.
38,3.
53,33.
43,15.
247,22.
36,5.
210,21.215,21.280,3.
7,20.
249,22.
204,15.
258,3.
74,11.
315,6.
169,15.
13,107,4
240,18.
233,10.
82,32.
217,10.218,7.
1818,28.
215,17.20,21.
ebend.
3.
136,20.139,17.
84,8.184,1.
217,7.
162.
110,4.
221,22.
106,12.
297,1.
311,13.
311,17.
40,24
36,6.
285,28.
99,9.
244,27.245.5,26.
55,3.
260,5.
59,30.
25,5
29027.321,9.
58,2.59,21.
228,3.
107,2.
309,25
37,29.
8,1
269,15.
37,4.
31,8.
50,10.55,20.
136,28.
ebend.
ebend.
6,50,14
1,1,37.
118,1.
46,19.
329,8
36,22.
49,15.
238,6.
280,30.281,10.
260,30.31.
262,13.32.263,4.267,30.
78,10.
86,7.
213.14,15.
22
118,20.121,9.
216,4.
252,30.
304,24.
180,14.
134,18.
123,28.130,29.138,21.
160,17.249,16.
110,26.153,13.
110,24.
9,2,3,15.
106,3.220,5.27.
85,21.
231,24.
231,26.
211,29.
10,1,4.10.
283,23.
249,7.
249,8.
259,12.
ebend.
220,1.
321,8.
103,16.
179,11.
877
ebend.
20,9.
299,23.310,18.
185,11,23.
248,3.294,29.
ebend.
58,22.122,29.
264,3.265,20.
295,17.304,16.
110,9.
288,29.
283,22.
112,18.
125,4.
156,15.
214,26.
178,10.
1,10.
140,26.
139,24.
136,16.
137,14.
124,13
74,30
140,22,24.
107,23.224,11.
6,9,68.
269,14.
ebend.
136.
261,22.
44,2.
19.
54,21.
102,16.
6,48,14.
56,1.
291,14.
240,2.
33,6.
7.8.
283,4.
239,3.
156,2.
238,30.
227,15.278,10.
259,12.272,6.
156.
252,10.
106,32.129,16.
291,16.
257,32.
224,31.
182,4
120,26.123,15.
110,29.
235,4.240,21.
159,6.
230,22.
92,14.119,9.120,29.125,22.291,9.
223,17,227,10.
107,1.
122,16.123,19
76,26.
139,19.
135,21.
296,16.
67,23.228,28.
197,4.
154,5.
91,25.
115,4.118,22.
4.
98,4.
136,4.
179,32.
46,19.
ebend.
321,5.
23.
76,5.
250,30.
282,11.
272,30.273,10.
308,19
316,32
235,4.290,6.
144,9.
20,6.
250,5.10.14.20.
233,9.
1,7,3,3.
55,3.157,7.
163,2.
7815.
219,29.
214,4
157,27.
124,17.
217,3
39,16.
24,5.34,2.182,7.9,73,1.
167,21.286,30.
5,19.
9,2,26.
290,2.
74,10.11,6.149,21.
258,3.270,24.
ebend.
2,1,12.
95,7.
252,3.
94,20.
34,14.
249,32.
84,6.
86,18.
115,29.
105,18.
115,25.
310,46.
96,20.
176,26.300,32.
253,24.
251,25.252,25.
2,37.
261,20.22.
9,2,7.
214,3.
216,8.
214,13.30.
61,22.
58,8.
30,21.
243,3.20.
177,12.
267,21.
299,28.
111,23.
182,26.248,23.
94,24
166,3.
41,1.
84,15.217,14.
117,7.
279,13.
144,30.224,14.27,14.
299,27.
148,21.
146,5.
233,11.13.
327,15.
39,6.
61,9.
42,16.
28,4.
179,26.
86,27.
89,14.
19,18.
292,1.319,1.
294,28.
237,30.
321,3.
213,31.
213,25.29,30.33.214,5.
233,32.
2304.
297,2.
211,31.
324.fg.
33,22.
286,29.
214,28.
325,24.
244,12.
214,16.
313,20.
69,6
290,11.
212,25.
213,6.12,20.
213,16,22.
236,2.
304,4.
26,16.
248,13.251,8.
221,1.
29,14.
143,20.
60,24.
241,27.
104,16.
119,4.128,11.271,13.
25,9.40,15.116,26.
78,3.
22,1.48,18.62,30.
115,10.
23,15.
39,3.
6865.
280,30.294,24.
22,2.
144.
290,25.
29,2.
35,12,13.
25,27.26,17.
25,21.24.
292,7.
42,23.
107,27.
219,3.
311,26.
58,24.
291,29.
3734.
75,26.
51,21.
21,24.
24,2.
29,14.80,20.81,6.
34,25.
22,33.
24,27.
248,1.6.
230,13.
26,11.81,9.
268,13.
15,7.
24.
265,26.
472,3.
236,10.
267,16.
123,24.
225,1.232,1.29.23,33.239,19.
89,20
59,5.63,20.
221,7.226,25.
57,1.142,26.145,8.9.
110,25.
83,5.
(28,10.
95
13.170,28
49,29,55,15
77,20
242,6
31,15.53,9
81,13
56,13
173,12
209,15
211,19.
255,5.258,15.
262,1.
268,3.
102,20.106,4.250,19.
290,27.
231,12.237,3.
76,13
105,3
51,15.171,15.177,2.
101,21.
55,8.
73,16.127,32.
31,20.33,15.16
31,25
290,9.
ebend.
167,29.
140
303
288,2.322,17.326,21.
218,7.
19,15,1.
17,1.
287,33.
183,14.
13,137.24,255.
136,4.166,16.248,18.
70,8.
28,19.244,3.
248,10.256,8.
248,12.
1,34.
118,12.
123,26.
118,22.
39,3.130,24.
31
41,21.43,3.71,26.
90,23
212,17.
42,13.
238,9.
222,33.
68,32.
224,32.
49,14.
252,23.
96,2.116,6.
329,7
23.
238,27.
228,1.
225,27.228,15.230,2.231,16.232,1.234,25.
181,2.
51,4.61,20.81,14.
264,9.
305,16.322,15.325,6.
255,18,28.
112,28.
163,29.
436
282,2.
104,16.
77,27.78,11.
248,23.
128,9.315,5.
103,31.
297,4.
311,26.
4.
81,11.
7,56,1.
2,16,2.
105,6.
104,4.
8,7,3.
69,16.144,11.
122,23.148,7.212,30.
181,5.
59,10.
126,18.
166,4.
55,33.
130,3.
285,30.
88
290,3.
4801.
3216
7105.
60,5.72,6.73,24.
89,29.
174,4.
43,18.
360,2.
51,14.
133,29.179,30.
184,30.
229,3.
86,11.
290,27.
104,13.
290,13.
129,9.
52,4.61,9.163,20.
70,17.79,10.121,23.
134,7.
163,3.
290,3.
4,10.
249,14.
300,25.
300,25.
15,3.
324.
70,17.
258,32.
136,3.
264,28.
36.
241,27,29.
49,12.
155,28.
231,32,33.
244,8.
136,1.
212,28.
87,16.
151,1.
54,27.
10,8.
50,13.
30,33.
272,31.
37,21.
203.
168,13.
304,27.
168,17.18.
69,29.
2977.
90,20.
112,20.
1,4,32.2,2,7
228,28.
106,3.
ebend.
251,29.252,3.313,18.
97,30.
112,24.
125,15.
63,6.
248,20.
14,85,38.
206,29.
124,32.290,29.
234,18.
86,20.
43,22.
107,23.
43,21.
38,12.
p.5,4,75.
17,24.
109,1.
49,7.
297,8.
314,2.
73,9.11.105,28.
24,23.
327,10.
264,20.28.
142,6.168,23.
241,16.
93,25.
231,15.
3,1,1,7.6.1,23.
1,2,1,16
3,5,4,20.6,1,14.7,1,7.
23,32.
2,5.
238,30.
19,15.
300,26.304,15.326,1.
265,3.
25,20.
91,8.
136,5.
4.
38,18.
44,2.
249,2.
772
79,12.
64.
291,4.
250,14.20.
83,13.
248,7.
85,7.
219,28.
132,20.
3,8.
112,5.
222,21.
107,5.161,1.224.3.
253,21.
75,1.
21,6
164,29.
175,22.
29,23.35,32.
117,13.
19,8,4.
290,16.
252,29.
108,4
252,24.
141,12.
40,4.
217,10.
256,1.11.
100,17.112,12.
259,15.
141,22.
256,11.
268,3.
89,17.
116,12.
267,21
47,11.
ebend.
13,16.
292,5.
214,15.
92,17.136,22.257,22.
136,23.
266,7.17.
231,15.
4.
210,2.211,32.283,4.
262,24.
1,81.
136,5
84,6
254,4.30.255,1.
38,15.
18.
6.
20.477,2.
249,16.367,6.
143,14.
7,37.
329,1.
ebend.
168,14.
31,6.
50,29.
49,15.
172,7.
6,3.
290,10.
lalit.5,14
17.
375,16.
1,357.
298,27.
221,7.226,25.
314,3.
264,28.
106,10.
217,7.
37,30.
ebend.
169,3.
321,7.
5,6
7,12
331,13.522,14.529,2.
57,30.58,1.
4,1.
(121,15
(130,15
(250,5
[148,6
311,10.
ebend.
140,5.
226,32.234,29.
156,7.
50,1.
133,19.174,17.277,24.
248,6.
97,20.
292,19.
298,17.
38,11.
9,42.
14,46,26.
130,27.
ebend.
61,24.
154,19.
12,354
251,31.
1,3.
50,1.
56,18.
40,43.
24,2,38.
216,4.
161,7.
235,11.
44,6.
2,391.
308,14.
35,22.36,2.
310,13.
29,30.30,23
30.
17,16.
232,9.
122,9.
323,7
134,3
223,26.
283,5.
321,23.
4,4,1,17.5,9,1.fgg.
322,27.
p.6,2,86.
6,7.18,22
24,24.
ebend.411,16.
192,11
66.
169,25.
50,10
65,22.
180,6.
29¨.
55,8.
133,32.
156.29.
37,14
169,24.
28,25.
171,3.4.
154,23.
248,11.
118,24.
111,13.
164,17.165,32.176,36.
241,3.
250,18.
251,7.
1,4,3,24.
161,9.
215,19.
313,27
44,7
168,1
134,17.
136,17
316,1.
316,1.
(116,20.319,9
128,2.
16,19.
167,15.312,15.320.9.
ebend.
hariv.3,39,70.
47,19.69,25.
209,15.
241,25.
(78,8.9.93,24
33,19.
248,1.
171,22.178,29.
303,14.304,27.
225,9.
ebend.
176,14.
117,15.
2713.
251,3.
6,21,3.
67,31.166,7.
149,14.150,27.
157,12.
7.
299,21.
151,23.
195,29.
ba7lar.298,12.
178,18.
192,28.
68,14.
suc2r.2,280,1.
217,12.13.
2.3,302.
18.
166,17.
11,1,29.
(29,12
97,30.
22.
298,24.
304,19
238,28.
220,23.26.
221,6.
106,20.
251,9.
ebend.
187,2.
282,1.
328,31.
179,7.
67,13.
251,27.
150,1.
54,10.84,23.
215,28,29.
217,21,22.
65.
8,48
171,7.
2,630.
232,22.
41,26.45,28,33.
115,13.
149,22.
107,12.
239,7.
104,3.
87,3.
103,31.
305,22.
(175,31
(299,21
(321,6
40,30.
98,17.
151,22.
225,27.
226,23.
223,31.
18,32.
148,12.
217,5.6.
32,3.
263,19.264,12.15.
311,13.
4,10.
206,15.
315,7.
161,24.163,8.
hema7dri.1,763,9.
74,13.
120,14.
68,18.
127,12.
43,17.
291,23.299,20.324,29.
175,14.
249,12.
175,14.
209,15.
4,1,63.
173,1.
104,6.
(104,29,30
76,12.183,29.
30.
151,12.
308,4.
228,29.239,10.
69,11.
104,4.
7,65,32.
107,26.
227,22.
145,14.
167,26.
241,9.
321,6.
286,15.26.
(122,3
238,29.
31,11.
(chr.225,14.237,27
93.
55,28.
241,18.
ebend.
295,2.
279,7
154,9.
1,301,8.
8,2,40.
238,15.240,1.
84,17.
170,7.
122,22.134,5.167,30.
219,6.
116,17.
2105.
124,7.
124,22.
319,30.
(292,7
ebend.
176,16.
310,12.
169,6.
223,10.
120,13.
150,17.
177,23.
263,9.
259,10.260,7.270,7.
102,1.
25,6.
ebend.
ebend.
64,14.
265,28.
123,8.
46,5.
(264,3.265,20
164,16.
ebend.
60,27.
184,28.
291,30.
143,1.
213,15.
211,8.
213,8.
148,23.
228,9.
77,28.
2857.
6900
941,41.52,1
76,32.
chr.41,19.
57,26.92,15.
84,5.93.15.171,9.
52,5.
218,18.
1707.
213,28.
102,3.
49,22.148,7.
186,26.
ebend.
(41,27
103,30.105,9.
130,20.
384,7.
ebend.
169,30.
4,3,106.
148,5.
102,3.
238,25.
52,29.
ebend.
ka7c2.zu
(182,28
166,32.171,28.248,25.
129,9.
116,29.
120,5.
(183,30
(156,24.185,19
7828.
173,12.
116,29.
43,13.
169,30
chr.127,28.
143,19.148,5.154,20.
295,5.307,7.
299,27
61,16.
ebend.
144,8.
183,16.
216,21.
14,4,2,18.
150,11.
169,12.
174,28.
170,26.
316,31.
176,10.
213,19.
292,23.
230,19.
156,18.
82,14.
116,5.
390.15,282.
17,23.
231,20
vaita7n.
302,8.
ebend.
4,70.
40,6.41,13.16.
44,33.45,1.
106,6.
66,26.
ka7ran2d2.10,24.68,16.75,2.
107,24.
211,4.
66,29.74,15.77,18.
211,3.
77,26.
193,16.
66,29
9940.
74,25.
hema7dri.1,653,19.
60,27.
38,12
75,9.
296,21.
291,29.
310,8.
290,4.
ebend.
215,12.
9,87,8.
1,643,9.
264,33.265,5.
164,12.
264,33.265,7.
79,25.26.
82,17.
59,1.
135,10.
235,25.
(308,19
179,8.
290,5.
317,21.
44.
167,27.
38,15.
133,2.
76,21.
katha7s.18,250.
170,27.
28,22.
175,9.
1882.
22,18.
125,21.
304,25.
214,3.
217,5,6.
64,23.
215,12.
1,172.
217,7.
53,5.
39,17,18.
29,7.40,2.
107,5.
233,16.
38,15.
249,32.253,4.
149,6.
292,17.
6,15.
289,13.
202,14.
149,2.
2.790,10.
(321,23
58,16.
60.
129,17.
306,29
296,10.
g.g4jot.64,6.5,1,15.
233,8,238,11.
218,23
(293,10
156,28.
299,22.
82,23.
249,17.
101,10.
221,7.226,25.
213,26.33.
115,11.
64,32.
74,5.
111,19.
120,1.
74,20.
173,11.
239,12.
225,5.227,20.
213,14.
265,20.
214,15.
233,18.19.
243,30.
191,19.
229,8.9.
199,18.
250,7.
232,25.
265,28.
(171,17
198,9.
224,11.
(47,20
(150,14.154,22
148,6.
110,2.
324,32.
293,8.
156,17.
214,33.
121,31.
251,3.
159,24.
118,9.
155,4.
217,31.
(217,27
131,26.
166,7.
7687.
ka7d.176,3.
238,25.240,5.
154,4.
45,32.
42,18.
30,16.
151,4.
(59,22
(214,22
214,28.
57,19.60,18.
105,28.
6,8
ebend.5.6.
3.
753
(104,5
76,10.
104,23.
116,1.
122,25.
323,15.
47,1.
316,7.
1,23,20.
ba7dar.2,1,37.
115,30.
236,25.
214,23.
12,15.
63,17.
293,10.
ba7lar.242,17.
175,12.
153,9.157,22.
265,7.
40,22.140,19.
152,27.
217,17.21.218,11.
17,4.
158,7.
158,10.
ebend.
6,2.
154,20.
138,4.
131,9.
(129,10
mat.
238,23.
ebend.
174,19.
159,14.
(234,32
402,16.
92,8
48,26.32.
47,9.
111,11.
219,16.
305,22.
102,27.
141,12.
153,8.
220,13.
161,23.
ra7g4an.10,14.
ra7g4an.8,116.
ebend.
.2,23,20.
118,4.
174,30.
61,21.71,17.
172,25.
136,8.
(105,8
2.4,99.
2,507.
(323,23
(228,29,30
67,8.171,21.
165,29.
16,30.49,2.
80,4.
11,5.
71,16.
176,6.
57,2.
227,20.234,1.237,26.
43,16.
42,26.
251,28.
226,5.
24,32.
47,14.
256,32.
105,21.211,23.
106,22.
149,7.268,5.
323,28
107,29
78,20.
151,19.
21,27,29,25.
39,1.
222,10.
235,1,2.
116,7
291,15
(179,25
110,12.
150,15.
314,4
22,2.
314,7.
327,24.
(183,31
107,4.
89,19
3,11.
183,30.
96,32.26,14,279,13.
123,22.
115,12.
91,1
173,4.14.
69,32.174,9.
177,13.
322,15.
249,11.251,2.252,26
218,3
152,21.
5543
319,8.
47,5.72,18.
183,29.
179,21.
305,19.
150,26.
72,23.
182,26.
222,23.
251,24.
(110,10.
(93,16
25,9,18.
110,4.
132,21.
127,8.
17,10.fgg.
26,21
116,21
(239,6
251,7.
119,25.
219,17.
227,21.
225,12.16.
259,1.
104,6.
290,22.
173,16.
166,5.173,9.
163,26
60,7.
193,28.
4029
256,32.
30.
97,30.
150,11.
253,6.
145.
179,3.
114,17,24.116,18.22.117,16.126,28.
166,10.
114,7.
187,17.
253,16
213,24.
40,6.41,13.22.
41,12.
40,9.
101,6.
42,1.3.
94,20.
42,18.29.
13,7,16
204,18.
111,13.
150,10.
305,11.
171,18.
148,16.
175,29.
96,11.
299,9
115,31.
ebend.
ebend.
173,25.
178,27.
132,14.
237,10.
5,94.
159,13.
217,8.
160,10.
1,238,5.
ebend.
k4araka.6,18.
ebend.
217,32.33.218,1
310,3.
113,1.
217,23
173,32.
168,31.187,8.
156,24.
40,5.
212,15.
216,2.
185,5.
106,15.
182,24.
290,29.291,9.292,1.
123,20.129,18.184,29.
47,8.
174,6
129,16.
328,11.
227,30.
69,16.
214,19.223,13.227,14.237,7.238,8.26.
64,6.
26,13.
130,32.
68,23.
236,13.
251,6.
92,3.
161,17.
232,14.233,2.242,27.
34,10
218,11.
387,20.
291,19.106,24.
216,3.22,22.224,3.225,1.233,21.234,31.239,23.241,9.
222,9.
216,4.228,15.229,17.236,12.14.238,8.32.
(38,5.
ebend.
58
323,18.
155,15.
185,6.
(185,17
154,4.
166,13.
324,31.
304,28.
ebend.
312,15.
291,6.
114,5.
149,18.
149,21.
312,15.
34,24.
167,14.
(2,75,65
251,25.
251,22.23
175,7.
15,384.
hem.par.2,732.
50,16.
294,26.
145,15.
110,13.
43,18.
193,28.
ebend.
239,19.
126,22.
175,25.
108,24.105,5.
119,10.
106,12.
163,23.
227,15.
64,2.66,33.
105,22.
7,67,11,156.
251,21.252,31
167,25.
150,20.
38,9.
ebend.
140,12.
302,11(
ra7g4an.12,126.
(310,4
249,23.
290,14.
249,23.
ebend.
252,29.
123,30.
249,21.25.
290,14.
153,23.
ebend.
249,23.
(158,5
290,10.
100,12.
294,29.
85,2.
142,14.
93,6.
225,12.
163,30.
143,6.
291,25.
61,30.219,26.
217,21.
68,26.
140,21.
188,3.
101,27.
101,27.
992,23.
187,14.
38,11.
188,5.
148,16.149,3.
7,1476.8,3342.
291,25.2982,11.293.17,18.
48,42.
133,9,12.
60,13.
104,12.
221,1.
303,30.
287,6
176,26.
271,14.21.
47,405,36.406,42.
ebend.332,4.
238,33.
144,9.
295,32.
15,10
211,19.
ra7g4an.10,107.
104,23.
146,27.
83,10.
225,19.20.
232,33.
329,8.
120,8.
51,11.
217,11.
68,13.238,7.
160,18.
171,5.
132,5.
111,19.129,22.
125,24.
328,2.
235,18.
319,3.
203,26.
123,22.134,29.174,11.
303,15.
298,8.
309,9
309,15
175,24.
73,9.328,7.
273,5.22.
29,29.
(117,2
161,23.
291,16
149,1.
72,21.
223,8.236,12.
ebend.
158,5.
293,29.
217,1.
ebend.
118,4
269,16.
132,28.
ebend.405,33.
305,1.
326,2.
131,28.
218,1.
2,6,22.
ra7g4an4.6,175.
101,23.
ebend.
(283,4
157,5.
107,26.134,30.
92,7.
100,8.
100,12.
217,6.
287,26.
28,7.
260,30.261,5.
ebend.
ebend.57,15.16.
240,6.
176,9.
259,2.
(113,25.
56,7.
80,29.
102,9.
327,26.
(44,25
20,8.
180,8.
ebend.
92,12.94,1,15.
148,25.
249,12.
249,12.
(314,4
304,32.
232,23.
187,2.
308,23.
ra7g4an.3,114.
329,6.
51,9.
229,3.
102,13.
297,13.
251,30.
11.
ebend.
8,1957.
149,19.
114,30.
239,1.
117,31.
222,12.
135,26.
52,17.
196,4.6.
254,4.
135,9.
73,15.
ebend.
323,15.
221,23.
(216,6
321,14.
11.
4.
146,9.
ebend.
180,17.
257,22.
313,10.
10,150.
216,17.
236,13.19.
278,6.11.
8,16.
(252,9
266,12.21.269,288,16.
263,6.
74,9.194,29.
82,25.
91,5.
103,21.174,27.
254,24.
200,27.
132,29.
ebend.
155,24.
112,16.
290,13.
105,24.
112,25.
297,17.
292,18.
6841.
53,10.
49,18.
ra7g4an.6,64.
57,2.
63,11.123,1.
326,15.
33,7.
5,29.
122,6.
122,14.
ebend.
106,7.
5,29.
111,23.
94,5.
160,15.
177,26.
151,13.
316,9.
2,72,42
300,25
34.
235,19
133,29.
308,13.
235,15.fgg.
40,15
81,20.
57,27.
241,9.13,16.fgg.
301,30.
251,3.
328,11.
213,18.
79,11.
ebend.
ebend.
265,23.
266,7.
263,19.22.264,6.
195,29.196,1.
133,30.
1,554,8.fgg.
3.
(100,23
154,12.
(294,31.
291,6.
22.
314,6.
110,30.
14,10.
8,550.
251,4.
9,38.
196,17.
302,22.
(225,21
(226,22
225,23.
229,9.
45,24.
251,8.
205,23.
218,3.
23,12.
147,16
183,10.
2426.
108,6.
320,29.
173,18.
227,4.
25,17.
204,19.
248,14.
276,7.32.
164,3.
1
120,20.
249,16.
253,6.
212,11.fgg.
182,32.
215,2.
219,15.
(291,25.
66,17.
(48,16
143,13.
288,17.
163,18.177,14.
37,31.162,13.
106,33.
57,17.
118,29.124,1.125,17.
50,22.
(138,11
139,26.
215,30.
241,31.
(176,19
311,26.
21,13.
276,32.
236,27.
106,22.225,16.232,12.
326,10.
(49,22.51,19,69,28
149,12.
147,29.30
300,26.
(139,15
(295,31
(119,27
(320,10
(320,10
47,30.
54,15.
186,4.
165,1.
290,14.
(84,9,16
55,1.
67,2.
69,7.
224,3.
42,13.
40,21.
39,20.43,5.
228.
6,6,3
134,20
139,2
103,12.
131,10.
177,22.
145,7.
172,6.
134,14.
152,17.154,4.
137,4.
317,22.
179,22.
32,1
229,12.
(243,11
94,4.
56,4.
234,1.
282,33.
189,22.
81.84.
294,24.
105,23.
187,17.
29,24.
155,14.
28,7.
33,12.
117,10.
(152,22
136,17
(148,14.
ebend.
57,23.
53,20.
81,3.23.
226,26.
256,1.15.
177,27.
29,7.9,
311,25.
325,22.
229,28.
297,16.
47,21.
108,1.
163,2.
171,6.172,14.
ra7g4an.6,56.
40,23.
43,16.
87,24.
(71,28
34,2
(163,11
229,9.
54,2.18.
134.
8,12,19.
251,6.
208,30.
244,2.
170,1.
87,1.
87,1.
(104,19
135,30.
16,13
10,52
ebend.
17,37
169,26.
183,4.
33,6.
37,12.38,9.
209,23.210,20.
66,1.
157,6.
238,23.32,22.
168,30.
153,8.
266,17.
(28,19
(148,17
266,30.
101,25.
137,7.
185,30.
48,55.
238,29.
105,6.
65,10.
185,6.
168,23.176,6.
3,2.
101,32.
301,21.
302,22.
221,19,20.
221,3.
227,1.
102,8.
258,11.
322,27.
3.
4,93.
267,21.
96,16.
342,19.
(329,7
3,4,51,
(227,33
241,27.
294,2.306,4.
176,22
111,11.
ebend.1,296,6.
1,4
51,14.
213,31.
89,11.
170,8.
212,23.
202,18.
ebend.
127,13
131,18.
299,23.
ebend.1,617,3.747,3.
ebend.1,616,1.745,19.747,1.
149,10.17.
154,15.
5,22.15,40.30,15.61,7.63,20.142,22.2,49,10.135,12.
139,3.
151,29.
195,17.
7,13.
314,8
230,23.
113,16
53,29.
209,21.22.211,16.212,31.
248,2.
164,3.
239,8.
209,12.
158,6.
184,15.
(310,13
240,29.30.
112,10.
251,19.
118,14.
141,13.
36,26.
16,21.
217,10.
78,8.
101,23.
109,25.110,8.
ebend.
105,24.25
216,15.
132,8.
162,10.164,22.
24,5.30,29.
121,32.
64,19.
65,19.25.
(290,7.¨12
34,6.
82,5.
68,24.
8,7.
134,13.
6,2,85,
130,22.
132,20.
193,8.
(67,13
71,26.
ebend.
ebend.
ebend.
53,6.54,24.
ebend.
78,11.
325,1.
311,13.
231,26.
18.
191,10.201,22.
219,10.
chr.321,2.
235,8.
chr.119,29.
173,29.
39,33.
292,16.
176,16.
121,18.
131,15.
215,22.
63,30.
332,28.
116,32.
129,4.
123,27.
87,6.
112,22.
172,10.
327,33.
112,25.
140,7.257,31.
308,1.
219,5.
60,27.
172,8.
320,14.
4,5,6,7,8,9
113,32.
78,17.
(249,31.251,17
ebend.
166,26.185,7
65,21.
94,13.
65,9.
260,17
220,7.
217,14.
9,46,31.
177,8.
(10,15
91,28.
327,14.
324,25.
163,11.
68,15.69,19.30.
117,31.
68,13.
(262,6
13,166,32.
34,10.
13,166,32.
133,2.
316,16.327,21.
329,9.
151,8.
213,32.
86,4.
175,28.
104,29.
98.
83,3.
310,6.
313,27
218,7
71,29.
r2v.
120,15.
216,19.
209,11.12.
1,3,11.
46,7.
57,24.
11,12.
173,14.
1
135,18.
173,7.
86,20.
104,25.105,6.
215,22.
168,2.
44,7.
86,1.
291,4.
14,15.
250,14.
43,6.
2,14.3,11.
85,4.
284,32.285,1.
168,28.
36,26.
308,4.
112,24.171,14.290.9.
105,7.
147,9.
290,12.
13,8.
264,33.265,8.
40,30.
220,3.
258,15.
45,4.140,31.
113,28.
15,18.
124,24.
(250,31
2,7.
(250,31
(220,20
322,26.
110,1.125,22.
143,27.
124,28.
4,220.
317,32
236,13.237,6.
248,26.
208,29.
166,5.6.
96,1.
107,18.
ebend.
297,3.300,28.
7,50,9
109,5.
202,2.
231,8,11.
306,19.
292,19.
179,23.
107,18.
209,3.
247,6.
151,25.160,5.
121,20.174,1.
182,27.
176,4.
28,6.
21,6.
290,11.
251,2.
10,9,8.
189,12.
(245,14
(114,26
68,27.
63,9.73,6.
177,1.
107,23.
44,16.
157,31.
24,22.
218,18
238,20.
211,27.
(293,10
(312,4
321,5.
2,60,21.
48,1.
47,8.
57,30.
63,13.
37,12.38,8.
134,8.
319,16
234,29.
230,9.
292,33.293,20.
321,8.
ebend.
97,21.
219,22.
251,2.
188,4.
177,1.
4,3.
212,12.
241,27.
8.
29,26.
264,33.265,10.
163,20.
177,30.
126,21.
168,11.
110,17.
223,5.
7717.
63,22.158,5.
chr.37,6.
153,2.154,2.154,4.
57,15.
6,3
44,28.
44,27.
(163,9
(155,22
(73,7
80,23.
(325,14
(88,10
251,18.
249,5
141,2.159,26,312.16.
157,25.
161,9.
314,14.
21.
105,5.
71,2.
ebend.6,14.
144,9.
104,12.
59,25.
56,16.
ebend.4,23.
(5,21.90,25
ebend.
155,5.
4,12,16.8,2,19.
175,15.
69,31.
214,20.
205,11
148,21.
94,11.
ebend.3,15.
210,10.
2,58,3.
251,7.
r2v.10,35,4.
34,9.
219,27
107,21.
71,9.
73,6
37,16.20.38,5.
324,30.
15,18.
69,20.
37,30.
259,1.260,1.
152,12.
218,8.
311,3.320,11.12.
195,24.
146,6.170,28.
48,23.159,8.
73,25.
171,22.
251,4.
191,17.
hema7dri.1,712,1.
247,4.
58,12.13.59,10.
220,20.
152,17.
223,3.
297,31.(
(133,4
153,4
81,31.
(117,32
(122,3
(326,2
184,21.
123,16.
303,14.
12,13273.
80,15.
324,32.
325,16.
326,1.
120,21.
ebend.4,39.
(6,107,17
6,4902
(12,248,158
12,10432
49,17.
26,19.
230,11.
2,95
250,11
(125,29
107,18.
137,22.
1,438,5.
4,9,5.
ebend.
141,12.
2,72,4.
129,22.
(20,9
(33,2
71,7.94,30,32.
ra7g4an.4,130.
149,21.
157,3.
127,17.
155,6.
ebend.110.
ebend.37.
ebend.37.
97,14.
213,32.
228,19
232,2.
6,23,7.
155.
261,23.
314,5.
193,1.
155,16.
137,26.
97,24.
253,1.
291,3.
4,37,3.
ebend.
187,23
ebend.138.fg.
186,14.299,13.
299,25.
57,4.
64,30.
118,4.
ebend.
66,23.
217,10.
21,15.16.
6,69.
264,33.265,3.
ra7g4an.7,93.
a7g4an.13,52.
69,17.
45,17.
43,25.44,29.
ebend.
185,12.
290,17.
290,19.
153,10.
106,27.
83,19.
236,9.
66,24.67,14.
18.585,1.587,1.
290,15.16.
1,48.
6.
197,18.
215,13.
(130,12
(37,19.20
ebend.
179,10.
43,14.15.
ebend.116,18.
(128,28
20.
(153,15
18,11
259,31.
214,23.
204,18.
128,30.
820,16.821,8.11.822,6.
248,27.
156,12.
(304,4
236,31.
1
1,162.
175,2.
ebend.
251,3.
282,20.284,19.
34,4.
182,27.
157,10.
1,9.
170,25.26.
(103,9.189,32
153,9.
265,5.
84,24.
mbh.7,156,64.175,4.
224,11.
ba7dar.3,2,27.
285,30.
214,7.
ba7dar.3,3,58,4,4,17.
2,2,33.
11.
ba7lar.3,1,8.
176,27.
92,6.
ebend.
ba7dra.4,1,16.
215,16,19.
282,11.
38,4
215,16.18.
239,25.
182,1.
214,15.
ba7dar.2,3,26.
254,5.
271,6.
41,18.
248,28.
91,29.
ba7lar.2,1,36.
152,1.
134,25.
85.
ba7lar.1,3,30.
140,7.
ba7dar.3,3,41.
294,5
(284,22.285,8.286,15.287,1.
120,22.
27,24.
ebend.
215,11.
210,27.
171,8.
(219,22
110,24.
297,8.
169,3.
40,6.169,3.
181,22.
34,14.16.
86,10.
232,10
23,17.
180,29.
213,20.
238,23.
157,20.
41,18.
317,6.
215,16.20.
304,5.
101,18.
29,8.
5,65.
ebend.
106,10.
135,5.
311,13.
(12,285,18
12,8989(12,248,16
41,4.43,17.
130,14.
120,19.
ebend.2,90.6,133.
ebend.
ra7g4an.9,140.
ra7g4an.10,186.
152,16.
155,27.
110,31.
155,25.
11,78.
174,5.
155,26.
156,16.
160,11.
322,28
293,10.
120,25.137,23.
238,15.
213,15.
297,2.
135,13.
112,13.113,8.123,29.
39,5.16.
159,15.239,13.
ba7lar.2,3,17.3,3,12.
ba7lar.2,3,15.
220,8.
223,23.
8,494.
2,1.
177,22.
15,3.
128,20.
130,6.
250,3.
93,27.
257,31.
(2,82,4
232,30.233,30.234,26.
232,21.
242,28.
104,12.
214,30.215,14.15.
ebend.
215,32.
303,14.
303,14.312,13.
82,11.
215,15.17.30.
215,15.
(152,9.
160,4.
310,12.
ebend.
ebend.
ebend.
792,14.
138,16.
52,5.
108,21.
21,5.22,1.14.15.
267,7.21.
292,27.
305,14.308,10.15.
175,13.
60,16.fgg.
318,6
226,3.
138,23.
122,6.
448,1.4.
54,23.
219,29.
(149,20
121,4.135,10.186,15.
114,32.
31,14.
124,21.
133,11.321,4.
176,18.
179,22.
47,24.
52,24.
325,11.
180,2.
13.194,5.
81,30.
ebend.
324,25.26.
146,15.
216,8.10
8,5.
kauc268.
135,23.151,16.
325,22
82,28.
53,13.
pra7jac2k4.2,6.4,1.
28,25
45,18
ka4ran2d2.12,16,27,12.59,20.
(243,24.fgg.
181,26.
131,14.
ka7d.124,7.131,6.
2,11,3
6,2
135,16.
11,17,19.
14,15.
229,3
85,23.
251,7.
134,10
251,7
280,3.
ebend.
285,23.
160,21.
251,19.
47,32.65,7.
253,5.
ebend.
52,21.
72,26.
62,12,63,3.
59,72,2.
143,2.
86,17.173,15
47.
214,20.
6,20.12.
296,13.
77,28.
176,20.
(291,8
108,6
179,15.
36,2
211,12.
166,5.
140,25.
204,9.
104,28.
156,15.
190,30.32.
105,3.
ebend.
155,1.
169,23.24
239,1
77,8.
214,6.8.
311,12
ebend.
3.
17,5,20.
233,8.
327,31.
(180,32
ebend.
ebend.
615.
ebend.
216,9.
297,9.
300,10.
106,8.
312,12.
40,19.
14,81,26.
226,27,30.
228,23
(279,14
47,22.
212,1
303,29
178,9
(80,20
ebend.
241,25.fgg.
241,24
180,26
181,1,
143,27.
(45,16
3,8,
160,24.
6.
7.
153,18.
152,15.
85,5.
32.
234,24.
184,30.
ra7g4an.11,123.
140,26
(16,10
2.
311
177,15.
ebend.1,801,18
(252,27
179,9
39,9.
(57,8
78,3.
67.
234,11.
15,81.
(216,10
268,4
186,27.
ebend.13,65
17.
319,4
133,234.
290,16.
135,15.
290,1.
107,4.
119,13.127,4.
118,3.
152,22.
104,8.105,2.
120,22.
22,22.
139,7.
250,2.
162,21.
27,24.28,3.
188,28.
311,1
ebend.
(114,12
45,32,
44,28.
127,18.
9141
103,31
104,9
163,25.
217,12.14.
81,5.
292,12
276.
67,18.
135,17.
67,7.18
129,22.
88,22.27,29
85,21.
215,7.
ebend.
3,2,86,
348,2.(
349,1
134,3.
261,23,24.
271,21.

324,31
321,4
28,24,27.
(292,16
116,11.
293,12.
184,24.
311,26.
234,28.
(218,4
147,27.
51,6.
217,12.15.
vp.2,4,110.
85,2.
154,5.
135,7.
130,2.
201,24.
(195,2
ebend.
(66.1,69,31.
(210,22
150,26.
122,29.
320,13.
214,17.
5,141,46.
244,17.
291,25.
(118,26
69,8
311,24
232,3.
53,29
ebend.
154,8.
1,1,4,2,1,27.
105,2
58,3.
74,24.89,7.
105,7
192,24.
ebend.
218,22.
218,23.
250,9.
55,2.
141,18.153,3.
vikrama7n5kak410,34
170,18.
294,28.
113,1.
ebend.
19,44,5
17.
559,20.
3,27,17
(85,21
189,29.
296,17
295,20.296,6.
174,11.
1,170
239,7.
2,21.
96.
356.
1173,15.
116,22.
303,16.
179,1
214,27
204,32.
ebend.
193,24

205,27.
215,28.216,3.9,15
117,5.
2,1,4.
272,30.
58,3
216,13.
225,11.
ebend.
227,1.
218,23.
132,27.
122,27.
215,9
52,9.
170,9,11.
249,27.
50,1.
210,2.
12695.
1,46,8.
306,4.
217,6
242,18.
184,30
123,21.
148,25.
163,5
73,5.
98,23
217,17.
12,3,14.
4.
201.
3,117,21.
253,24.
ebend.
ebend.
10.
250,31.

7,142,42¨.
44,6
1,60.
214,3
(72,3
1,42,7
20,4,4.209,11,2.
175,20.
50,16.54,5.292,9.
136,16.
180,2.
285,30.
305,32.
227,8.
154,25.
(107,12
250,29.
214,30.212,9.
223,26.
106,8.
16,16.
250,27.
306,26.
293,5
250,29.
70,19.
311,15.
49,6.
231,31.
250,26.
194,4.
244,6.
212,15.
238,19.
2,1,12.
1,50,19.
248,29.
11,1.
279,2.280,3.4.
245,27
251,14.
314,18.
157,25.
275,8.289,12.
273,5.12.
250,27.
(128,27
211,20.213,6.214,9.10.12.
311,16.
238,32.
prah.95,7.
(2,62,16
323,21.
198,22.
142,1.
248,4.
71,3.21.
107,24
55,19.
221,16.222.23.
170,10.
292,6
232,17.
(176,28.
273,6
95,20.
103,32
308,23.
(212,28
152,4.170,15.
56,80.
254,5.256,24
2.
ebend.
ebend.,
14.
257,4.8.14.
28,18.
6
(240,29fg.
223,5.
243,28.
(221,19,23.230,14.231,11.28,233,23.¨24
180,22.
328,13
(217,23
(240,28
231,16.fgg.
317,25.
145,17.
325,19
5,136,13.
216,16.
291,14.
3,6,9.
16.
3,58,1
138,15.
4,93,32.
294,27
52.
24,18.
321,16.
315,19.
(113,24.
124,15.
328,5.
3,8,227.3,29.
73,40.
2,64,40.
173,25.
ebend.
97,3.
73,13.2004,11.
(218,20
62.
ma7n,
gr2hj.2,11.
gr2hj.6,2.
(110,16
46,8.fgg.
ba7lar.7,18.
801,8.
211,20.
3,15,8.
260,1.17.
260,5.
136,17.
219,22.
5,124,23.
51,8.
chr.211,21.
266,6.
79,30.
174,10.
165,13.
121,14.
49,27.
(ka7rand2
113,26.
16,7,11.
157,31.
226,13.
142,17.
124,32.
327,2.
mbh.13,124,27.
226,29.
ebend.
c2am5k.
(291,21
252,21.
171,9.
245,13.
r2v.1,40,1.
(a7past.
157,30.
69,20.
67,19.
68,13.
184,26.
r2v.
ka7ran2d2.4,14.
291,28.
c2at.br.4,5,2,20.
163,23.
104,21.
71,2.83,16.
140,23.
174,24.
172,23.
dac2ak.68,14
329,2
(134,24
210,24.
(119,21.
83,19.
47,28
193,18.
296,26.317,31.
(4dac2ak.14,22
a7past.
316,33.
179,27.
179.27.
hariv.2204.
hariv.1,41,6.
128,6.
(223,32
ebend.
116,20.
vara7h.br2h.1,20.
ra7g4an.19,48.
81,25.
324,33.
216,7.10.298,15.17
227,26.290,24.
94,25.
230,30.
227,29.
180,25.
(314,3.
33,22.
(123,15
251,8.
234,20.
122,20.
224,17
223,17
225,22.234,29.
ra7g4an.13,151.
195,6.
57.
2,8,5.
(132,2
ebend.4,12.
320,27.
(213,21
568.
ebend.
[311,31
[220,190
10,10,1.
9,6,33.
132,11.
ebend.
169,25.
165,18.
91,27.
108,2.
216,1.
181,22
200,23.
(304,12
(290,18
249,3.
ebend.
311,20
147,3.
293,26.
84,21.
249,24.
178,19.
(25,6
291,17,323,13.
168,20.
86,15,31.
319,12.
319,6.
304,14.
176,1.316,9.
180,7.
251,12.
(127,15
256,8.
65,23.78,21.
1,48
206,15
(100,13
55,29,30,33.
290,19.
79,11.
255,1.
180,7.
280,28.
216,2.
229,29.
135,14.
133,30.
167,11.
257,8.275,26.
210,30.
ebend.
10.17.
107,2.
ebend.
215,10.
121,12.
33,4.
205,21,7.
6.18,32.34.
45,12
229,12.
78,12.
144,21.180,13.
ebend.
104,25.105,6.250,22.
188,1.
47.
352,15.
4,6.
(77,33
(115,24
hema7dri.1,14,13.
72,18.
301,15.
94,7.
73,13.
(291,7.
44,22.
128,5.
222,16.
323,14.
176,11.
30,23,28.2.
141,22.fg.
243,6.
122,22.
88,5.
227,8.
179,7.
(39,30,41,9.66,10.236,1
133,28.
117,10.
277,2.279,30.
(210,30
ebend.
ebend.
253,15.284,25.
(165,32
(175,1.
28,12.
180,8.
124,11.
128,12.
161,22.
235,31.
2,31,4.
235,30.
7,6672
49,3.
214,29,20.
397.
215,15
106,28
258,23
273,6.
104,27.
248,18.251,32.
18.
76,8.
74,13.
120,9.
211,12.
(129,21
127,5.
122,10.
6,26.
20.
a7rjabj.2,6,
50,10.
(292,30.
157,5.
11,34
304,24.
(252,8
64,22
73,28.
168,2.
241,18.
42,25.
(46,15
(62,1.101,9.121,30,127,15.139,1
(200,21
80,29.
281,10.
(40,19
157,7.159,8.10.262,6.267,26.279,14.286,16.
209,12.279,22.
44,32.
325,30.
301,16,310,31.
94,12.26.138,3.
82,18.
243,11.
138,7.
243,3.
182,8.
180,1.
107,6.
105,28.
123,24.
186,27.
291,9.
80,31.
215,11.
138,10.
(176,31
23,20.
ebend.
47,1.68,28.
48,29.
294,31.
294,25.
(27,25
291,20.
(244,2
10,191.
308,22.
68,14
67,32,68,24.
40,9.
ba7lar.29,14
129,27.
274,14.
130.
124,26.
177,28
115,25.
307,5
(67,5
103,12.
320,8.
299,24.
134,28.
37,24.
135,19
(294,27
311,10.
291,22.
172,25.
1,1,20.3,1.3.17.
294,10.
290,12.
ebend.
121,23.122,20.21.
ebend.
5,59,7.
mat.med.176,309.
vara7h.br2h.2,7.
51.
12,13.
290,12.
(291,25
(294,2
309,29.
293,1.
107,25.108,6.
204,25.
2.
90,29.
187,15.
15,17.
186,28.
70,4.
220,19.
19,127.
(316,19
283,32.
104,15.
28,6.
96,9.
(187,12
292,28.
45,4.
29,19.
100,7.¨11
ebend.
311,040,000
ebend.
10,27.
183,32.
155,10.
(266,27
47,30.
210,21.211,33.
61,23.
122,7.
322,5
62,23.122,31.137,28.
31,8.
44,17.
122,22.
61,26.
137,29.
112,11.113,5.
114,6.115,3.117,29.120,16.
55,12,77,7.
mrgh.77.
82,18.
66,18.
217,27.
209,24.
229,26.
229,27.230.4.
.117,27
99,5.
26,22.23.
77,16.
218,21.
ra7g4an.4,57.
(37,20
14,228
206,16.
226,20.
111,24.
(243,28
55,16.
294,26.
104,14.
137,14.
mbh.4,65,3.
132,16.
57,24.
217,10.
84,7.
(54,19
61,12.
39,8.
175,8.
39,10.
175,4.
ba7lar.91,16.
315,23.
140,33.147,25.
151,3.
217,6.
270,18.
72,15.
127,23,24.
132,12.136,1.
114,30.
43,24.
6,4,29.
ebend.
343,2.
133,22.
ka7ran2d2.65,4.79,1.
119,14.
101,7.
156,7.
ebend.
bha7vapr.5,23.
100,000
hema7dri.1,305,13.348,17.
217,18
99,5.
217,17.
110,25.
110,29.
mbh.3,173,7.
65,1.
hariv.2,120,43.
46,3.
166,4.
8,8,18.
vikr.35,2.
81,2.
109,4.5.14(
105,29.
(333,29
(58,1
29,23.
249,29.
(250,80
[122,28.137,5.152,10
ba7dar.2,2,34.
181,13.
260,9.
78,6.
144,25.
123,30.
244,7.10.
1,8,21.
10,20
40,18.
(114,17
135,25.
27,18.29,1.
274,5.6.281,18.
234,11.
ra7g4an.4,10.
311,18.
240,31.
ebend.14,359.fgg.
165,24.327,28.
208,30
ebend.
69,3.
2,2,7.
89,11.
ba7lar.99,15.16.
319,10.
129,24.
163,28.
134,5.
199,19.
675.
hala7j.2,434
ebend.
(227,21
(227,22
(140,20
(227,27
236,17.
184,6.
82,7.
(316,99
79,10.
143,4.
130,18.
li7la7v.32,6.fgg.
ra7g4an.4,10.
240,4.
253,13.
134,11.
252,29.
252,25.
253,1.
mbh.3,233,6.
154,7.
294,29.
248,19.22.
251,27.
253,5.
251,16.252,7.14.31.
44,14.
80,2
231,5
81,6.
(326,9.327,20
ebend.407,410
(315,6
k4ampaka.230.
288,29.
49,30.
42,30.
24,30
145,2.19.
108,5
71,8.
84,23.
107,28.
218,24.
61,13.
2.
nach
nach
317,21.
251,5.
319,32.
297,3.
261,33.
41.
97,12.
410,16.
172,28.
141,11.
ebend.
chr.216.7.
chr.219.8.
217,14.15.
249,13.
121,1.123,19.
136,30.
141,21.
143,16.155,26.
ebend.
1,22.
209,7.
162,11.
122,1.
(308,13
mbh.3,85,34.
44.
88,28.
88,31.
ka7d.2,131,8(160,21
68,27.
78,9.
134,5.
(119,20
ebend.
174,4.
210,13.
katha7s.116,65
katha7s.73,21
(132,16
ma7rk4.
304,22.
106,11.
(250,8
(191,3
(304,1.12.323,19
(32,12.103,25
pan4k4ar.3,7,17
ebend.
21,2.
1,3
73,18.
(106,7.11.13
48,15.
291,24.
300,23.
244,6.
290,20.
133,19
233,2.
80,9.
50,21.
298,16
33,18.39,10.
21,19.28,25.29.31,9.
hema7dri.1,649,13.
ha7vapr.3,80.
228,19.
238,2.
56,8.
100,6.7
101,15.
102,7.
ebend.
86,15.
177,27.
186,7.
316,31.
225,24
133,9.
321,5.
104,33.
(78,82
139,13.
47,16.
233,9.
238,20.
10,99,3.
189,21.
87,10.
(192,6
2,56,17.(74,22
11,57
179,2.
la7tj.1,1,5.
la7t2j.4,10,20.
5,53,14.
212,14.
28,7.
214,1.
r2v.6,62,1.
227,13.228,4.5.230,11.12.231,26.232,10.
278,11.
252,2.
ven2i7s.71,22.
(115,17.117,14
106,26
762
k4araka.3,8
214,2.
ba7lar.208,6.
mbh.1,7948
234,3
233,32.fg.
(41,3.45,13
41,13.
24,12.19.
138
216,5.
68,15.
2,28,6
121.
(64,20
322,6.
9,19,9.
38,23.107,18.
(300,32
85,8.
138,28.
232,12.236,29.240,6.
218,8.
251,32.
215.15.
324,33.
211,20.
ebend.
91,20.
ebend.
10,124.
ebend.
ebend.
96,32
322,25.
132,6.
116,2.
118,7.
ebend.4,11.
134,21.
150,11.
291,28.
291,28.
187,13.
134,26.
291,15.323,26.
317,29.
110,14.
98,10.
292,11.12
(294,30.299,22.322,28
(38,8
300,25.
33,17.
(313,20
(159,21
312,17.
bhat2t2.
11,78.
3,61.
294,23.
8,39,2
10,40,7
105,10.
ra7g4an.13,18.
ra7g4an.13,146.
272,28.
24,9(42,4
(268,4
165,7.
286,15.29.
(107,27
(108,9
mar2k4k4h.144,12,
61,27.
214,2.
59,2.
bhat2t2.
110,32.
43,31
98,21.
119,11.
128,22.
290,29.
118,10.
303,15.
47,5
9,23.136.13,27.
157,26.
(122,15
223,23
bhat2t2.
21
ebend.
132,20.
rha7vapr.4,155.
8,7,4,8.10,4,1,6.5,2,7.21.4,15.
(70,15
302,33.
55,23.89,6.
300,25.
251,22.
222,26.fg.
235,30.fgg.
k4araka.2,6.
125,18
129,22.
13,4530
291,19.320,21.321,10.
105,28.
6,10,28
251,6
[42,12.45,11.17.291,26
292,14.
44,15.
115,32.
250,18.
325,25.
315,4.
306,11.
217,29.
215,29.31.
253,2.
252,5.253,5.
100,16.102,21.
ebend.
219,29.
178,29.
6,113.
ebend.
100,17.
100,17.
217,31.
171,5.193,5.214,5.
126,20
402,21.
8,72.
105,22.
238,23.fgg.
275,29.276,32.
229,10.233,18.19.241,14.
(302,6
304,21.
173,1.
279,21.
ebend.
303,29
mbh.14,46,40.
240,25.242,5.
bha7vapr.1,194.
311,10.
213,29.
10,12
248,27.
bha7vapr.1,220.
242,13.
ebend.8,81.
315,25.26.
ebend.
321,29
300,20
175,22.293,7
ebend.68,11.83,24.
(61,29
(156,5.317,3,
(125,14
196,24.
111,12.
259,17.260,15.266,12.
306,7.
(173,13
37,8,13.
169,25.
142,18.
7,3383
172,26.
325,1.328,5.
ebend.
(216,9
215,22.
214,17.
240,18.243,20.
168.173.
239,29.241.24.
108,20.
7,74.
297,19
19,84.
(319,9
2,2,3[16,21
253,2.
240,15.18.242,26.244,7.
12,13.
251,5
18,45.
207,2.252,20.
241,6.243,17.
214,13.215,14.
214,13.
77,30.
chr.113,27.130,25.
211,1.
46
ebend.
175,17.
290,2.
237,6.
212,14.
ebend.
248,25.
45,32.
208,27.
231,21.
20,2
46,11.
106,14.
171,10.180,18.
176,29.
252,22.
314,7.
308,7
129,9.131,190
(116,10
(106,15
(114,29
1,22,21.
226,16.232,22.
155,40.
(232,22
215,1.
239,1
233,31.234,26.235,4.237,3.
79,8.319,31.
250,13.
175,16.
ebend.
ebend.
111,7.
7,9,28.
126,23.128,30.146,27.
128,17.
126,26.127,7.
128,20.
290,23.
[76,13
304,25
190,7
126,13.
308,6
251,26.
184,15.
128,30.
290,6.
2,248.
162.
ebend.7,65
238,19.
133,14.
145,5.
6,73.76.86.7,163.
142,12.
219,3.
1,53
217,24.
321,7.
62,6.
296,22
75,10.12.
(217,32
137,22.
(107,2
137,31.
51,25.132,16.174,18.
126,22.134,27.
51,24.
81,13.
176,2.
228,15.231,31.
ebend.
156,5.
293,8.304,12.311.3.323,15.326,26.
61,1.
223,27.
40,10.20.
213,30.
135,16.
92,2.
371,25.
289,3.
225,1.232,14.233,2.242,27.
582,15.
36,13.
305,9.
(290,5
301,2.
62,16.
237,24.242,20.
253,5.
91,16.
257,5.
117,11.
(67,26
103,13.
44,17.19,45,9.
106,30.
119,14.121,2.123,20
(235,17
121,30.178,28
151,24
(102,29
119,15.
100,27.
kaijj.
105,19.238,12.241,31.
137,9.10,14.
217,6.
87,8.
214,24.
94,33.
13,6,1,10.
59.
323,15
49,4.465,13.466,1.
320,28.
13.
291,28.
251,14.
170,6.292,6.
144.
106,26.
321,16.
12.
7,22
186,25.
187,15.
319,16
34.40.
85,8.
324,25.
19,27
250,25.
212,2.
184,12.
130,12.
175,32
250,20.
168,17.18.
214,21.
35,17.18.
286,1.
284,5.
230,30.238,17.243,28.
275,15.278,27.280,25.
277,10,20.
14,20.
100,16.102,21.
102,27.28.
50,15.
ebend.
88,5.
308,18
216,22.
78,4.
250,32.
100,17.101,1.
150,8.
263,10.264,20.33.
54,30.65,16.
101,5.
214,18.
65,20.66,7.
297,18.
164,18
ebend.
167,20.
84,29.
216,23.
ebend.
(118,9
430,11
162,30.
184,29.
327,3
134,1.
266,12.
249,27
176,13
ebend.
ebend.
229,29.
(230,16
119,14.
203,24.
149,8.
327,10.329,1.
(128,3
89,32.
262,32.
211,21.
296,9.
101,13.
139,15
500,14
163,3.
123,22.
(139,7
132,11
(160,21
(322,6
320,19.fgg.
230,4.238,5.15.
hariv.10918
216,9
24,30
178,20.
292,18.
(260,26
136,1.
225,29.
3,1,1.4,1,57.
4,14,18,33
64
ebend.1,560,8.
222,9.
201,5.
138,32.
139,19.
(138,9
201,2.
63,5.
230,25.
117,11.
69,8.
970,3.
212,15.
108,8.
106,17.
112,6
ra7g4at.8,2139
104,30.
303,17.
213,31.
132,24.
251,20.
188,5.
248,8.
300,28.
86,30.
(89,4
122,10.
121,21.
101,17.
69,27.
234,9.
295,2.
ebend.6.24.
292,21.
ebend.
104,14.20.
120,23.
101,31.
268,28.
221,15.
278,10.279,13.
8,9.
8,9.
215,26.
215,24.
250,27.
ebend.
9,15.
ebend.
274,5.11.
211,21
124,13.
213,27.
268,28.
73,7.
217,33.
55,29.
215,10.
88,28.136,6.
224,23.
64,29.
229,12.
215,8.
27,19
217,29.
111,3.
177,20.
3,99.103.
100,20.
ebend.
ebend.
95,14.16.
38,19.
276,32.280,10.
83,16
12,7
270,27.
219,10.
319,12.
166,16.
269,3.
101,13.14.
146,28.
42,9.
143,2.
230,9.
252,6.
213,14.
146,22.
266,1.2.268,23.
53,31.64,2.
58,4.
16,16.
ebend.
19,21.
264,26.
17,87.›
7,14.
3,32.
171,25.
103,4.312,2.
306.80
131,28.
32,18,33,1.
32,17.
110,21.
3,9
105,23
(154,5
30.
154,12.
217,13,14.
ebend.
40,9.
286,10.
281,27,285,17.
40,10.
50,12(68,9
230,15.
105,25.
130,13.
a7sav.62.4.
(84,18
2,4,7.8.11,4,1,14.
188,28.
ebend.
180,2.
34,20.(
4,1,13.
2,45,15.
312,11.
221,6.7.226,26.32.
(102,8
18.
125,7.
106,9.
(27,22,31,10.33,7,35,13
22,8.
354,19.
252,23.
294,14.
241,32.
ebend.
1,26.
310,17.319,4.
27,1.
267,25.
268,28.269,12.
26,7.18.
(103,32
2,43,2.
162,30
7,105,33
127,27
476,1.
164.
301,29.
314,18.315.
10.
227,1.
212,26.
1,27.
259,28.
12,3910
ebend.
ebend.
(211,8
152,14.
302,7
3,49,3.
259,28.
281,28.282,1.
168,15.
ebend.
287,32.
239,5
(233,24,25
(233,25
174,23.
38,15.
9,3,23,24.
37,19.
233,32.
74,20.248,10.
106,6.10
241,32.
262,24.
ebend.
383,10.
ebend.
212,11.12.
134,16.
217,12.14.
105,5.
2,10.
132,16.
87,9.
(104,33
(100,22
(100,25
[52,18
ebend.
ebend.
163,17.
ebend.
73,28.
8,3.
212,29.
238,25.32.239,1.
44.
142,29.
50,12.88,3.
21,239.
230,13.
225,23.
257.
97,28.
235,7.
326,32
290,9.
60,3.61,1.
321,30
321,21
ebend.130.
238,19.
10,1,1.
9,11,26.
11,19.
249,9.
106,28.
ebend.
106,23.24.
107,6.
97,9.
95,19.
167,23.
4,29,11.12.
112,12.
ebend.
215,18.
376,1.
251,1.
143,4.436.11.
241,32.
98,9.
238,15.32.
238,33.
ebend.
59,20.
107,24.
51,2.
88,18.
107,25.
217,12.16.
189,24.
124,2.167,5.297,22.
17.
63.20,51.
10,21,5.11,9.10.
479,7.487,13.
215,12.
11,17,1.
74,1
25,20.
11.
105,19
243,25.
141,8
292,17
81,5.
ebend.
100,25.
(179,10
21,6.fgg.
321,6.
1,322.390.
147.
ebend.
138,6.
239,14
74,20.
21,7.
ebend.
190.
248,29.
302,28
36,557.
2,54,20.
311,5
56,26
(65,18
311,12.
[78,22
(214,31.276.7.fgg.
158,3
158,3
19,2.
78,13.
243,24.25.
ebend.
1,201.
441,14.
109,2.
304,14.
217,14.17.
1,13,13.
86,13.
163,12.
313,18.
216,23.
14,22,4.
308,8
26,6.
80,11.32.
192,21.
423,5.
18,3.
104,20.
(53,5.
2,4.
102,14.
216,8.
216,13.15.
216,10.
233,22.
112,5.
(109,9
19,31.
6,26.1,17.
299,21.
292,29.
48,33.
141,2.
168,28.
292,17.322,25.
ebend.
8,578
235,22
235,12
ebend.
168,28.
129,26.
217,24.
423,3
145,8.
216,14.
(277,18
106,10.
176,7.
324,32.
6,31,1.
(167,10
2,21.
117,9.
(236,16
ebend.
ebend.
2,28,5.
103,24.
(90,7
291,28.295,28
95,23.
60,32.
198,13
1,302
506,18.
1,1,55
302,28.
(107,26
ebend.142.
(65,18.22.66.28
134,14.
(54,21
19.20.23.
2,144.
297,31
15,27.
(290,22
47,15
41,28.
83,14.
82,6
19.
1,293.
173,21.
267,21
324,1.
78,11
181,10.
290,18.

15,3,15.
13,17,9.
15,3,15.
(305,24.
222,31.33.
(185,24
290,8.
8,6,12.
290,4.
252,22.
248,30.
135,18.
50,29.
300,26.
f.
5,116,2.
150,21.
221,2.
ebend.8,33,16
88,21
ebend.
23,29.
5,21.
267,9
ebend.
6,3,31.
323,29.
250,28.252,30.
(381,19
47,19(87,6.7
221,11.
50,16.
(38,13
(139,3
105,16
k4an2d2ak.80,11.
(108,17
168,13
ebend.
mbh.1,2526.2642.
28,26.
305,32.
156,28.
317,30.318,16.
288,12.
290,18.
251,20.
150,2.
106,21.
287,6.
87,25.
20.
ebend.
43,4.
ebend.
54,172.
225,2.239,7.241,17.
5,70.
299,1.
219,17.
291,17.
92,3.
271,28.
ebend.
ebend.
ebend.
ebend.
ebend.
127,17.
312,17.
226,31.
228,2.
461,17.
(252,2
323,16.
1
327,25.
311,27.
236,13.
225,12.16.
306,28.
253,18.
187,23.324,32.
155,24.
112,16.
320,31.
291,10.
16,31
53,1.
57,14.48,25.59,2
50,18.
76,17
86,22.
297,19.
313,13.
100,6.
112,16,
ebend.
25,12.
274,10.
katha7s.18,47
102,11.
178,13.
234,28.
136,3.
157,29.
325,2.
60,4.
55,7.
ebend.
210,10.
111,15.
147,29.
210,11.
122,19.
320,8.
ebend.6,17.
24,141.
19,76.
325,26
167,2.
289,3.
132,2.
124,39.
374,2.
3,31,19.8,24,26.
118,5.
177,4
28,7.
211,31
79,13.
165,30
213,32.
109,17.
ebend.204.
154,21.
254,21.
156,7.
215,5.9.
250,30.
162,30.
chr.112,22.
310,21.327,20.
10,342.
80,6.
ebend.
207,28.
290,15.
198,24
264,19.21.
300,3.301,2.
213,10.
89,13.
230,9.
252,11.
321,4.
300,27.
ebend.
60,19.
17,43.
6,13,3.12,18,14.
210,1.
105,18.
121,12.
104,10.
79,11
ebend.279.
252,32.
256,17
20,53.
23.
5,20.
211,18.
30,32.
250,7.
264,30.
215,11.
248,15.
230,19.234,5.
298,4
154,13.
255,18.
234,7.
36,24
(71,7
5,207.6,12.67.8,18.9,239.11,159.
vara7h.br2h.1,1.
(209,19
4,38,1
310,13
291,15
308,3.
(305,10
292,5.
ebend.
218,5.6.
45,25.
56,5.83,25.
77,11.
56,29.
127,27.128,15.
1,35.2,41.
39,26
52,5.
217,30.
569,16.
77,10.
299,23.
249,1.
101,22.
297,3.
311,16.
112,23.
313,29.
11,20,3.
53,17
(47,6
(216,22.24.26
233,17.
101,24
115,8.
76,29.
80,12
21,12.
262,7.
2,100
118,24.
6,106.
284,33.
176,7.181,24.
41,15
259,1
227,3.5.
59,21.
268,28.
259,1.
84,12.
185,18.
ebend.
58,15.
21,3.
68,33.
317,24.
261,3.
259,1.
259,15.
250,30.
299,4.
217,30.218,6.
220,5.
308,15.
107,19.
307,30.
308,3.
127,27.160,16.
ebend.
319,3.
2,24,15
114,10.
181,12.
122,91.
127,14.
64,19.
210,24.
329,2.
218.20.
218,13.
55,16.
ebend.
298,31.
152,27.
85,19.
153,2.
214,3.
108.
25,2.
204,32
204,20
223,33.
162,30.
109,18.
290,5.
292,8.14.294,1.296,31.298,23.300,24.
218,13.
298,13.325,20.
144,27.
304,7.
113,3.
245,2.
181,7.
106,21.
186,15.
314,10
1,2046
244,1.2.
19.
13,142,44.
215,21.
214,22.
221,14.222,9.
212,27.213,5.214,12.25.
214,26.
214,21.
157,12.300,15.
163,29.
217,1.
117,21.
11,12.
21,1.
211,9.
ebend.
243,30.
21,5.8.
5215
6274
1348
2482.
138,10.
297,2.
1,14,7.8.
38,5.
[139,8
[139,20
250,4
5,84,7.
86,31.
204,22.
(77,18
ebend.
41,32.294,31.
(26,8
328,1.
5,20,7.13,6,1.
249,2.
249,2.
115,23.
ebend.
1,1,22.
218,11.
250,10.
219,18.
82,2.305,6.
228,14.237.6.
44.
315,32.
234,18.
(115,1
291,15.
ebend.
ebend.
218,1.
216,19.217,1.
10,12.
37,10.
73,26.
101,31.
104,13.
100,2.
327,31.
137,17.
60,16.
185,188.
213,29.30,33.
213,27.
251,8.
1,3.
48,8.
312,1.
292,22.
ebend.
108,1.
94,30.
3,80.
139,12(245,2
212,23.
240,3.
134,1.
126,27.
157,5.
304,3.
86,3.
95,23.
84,5.
(104,11.105,5
25,6.
95,18.
46,22
48,8
66,12
77,1
94,13.
319,33
183,31.
43.fgg.4,56.
ebend.
102,6.
137,25.
42,32.
213
131.
86,5.
ebend.
311,33.
ebend.
308,7.
128,5.
42,26.
321,30
9,126
178,20.
216,21.
66,20.
63,29.
105,14.
22.
61,24.
54,14.
133,25.
218,8
ebend.
ebend.4,.30,.44
86,3.
150,a,6.
259,15.272,13.285,17.288,16.
28.31.
57,26.
54,6.
327,1.
87,11.
91,13.
55,30.
173,10.
185,16.
266,11.
135,11.
263,13.
260,15.263,15.17.265,32.266,1.11.267,5.296,3.274,16.
266,6.27.
8,61
154,5.
185,11.
238,19.
80,32.
294,28.
218,13.
292,23.
34,22.
31,16.
ebend.
319,7.
127,1.
249,4.
95,2.
290,30.315,12.318,13.
236,31.
52,4.
240.
ebend.14,117.
2,652,8.
ebend.
73,16.
104,22.
134,17.
50,110.
252,21.
102,2.
ebend.
481,4
10,65,7.
306,12.
315,7.
179,21.
9,68.
293,12.
56,7
320,28.
216,14
105,24.
7,18.
322,17.
13,11.36,19.
245,3.
193,12.
212,25.
125,18.
238,6.
108,5.
211,31.212,24.
108,6.
311,24.
137,5
183,4.
121,16
113,8.
186,14
14,17
327,25
328,7
114,11
211,2.4
114,7.122,11.
299,33.
107,14.
54,24
122,21
48,33.
313,8.
237,10.11.
125,4.
39,15.
36,17
76,22.
191,2.
58,22.
215,5.9.
213,28.
9,2,24.
215,4.8.
84,14.
317,25
2,33,14.
10,120,4.
95,9.
ebend.
6,89,18
260,11.12.270,5.
263,15.267,6.
217,27.
ebend.
269,16.
266,20.268,5.32.269,3.274,14.
103,6.
259,17.
260,15.
103,7.
217,13.
216,19.
22.
ebend.
192,6.
192,8.
155,2.
2,222.
ebend.
133,6.
42,26.27
10,128,8.
1,10,2.
210,22.
10,20.
301,10.
213,7.215,16.
304,7
60,13.
130,7.174,11.
1,507,10
301,7
3,15639
241,14
108,6
292,30.
209,24,210,17.
ebend.
252,1.
185,14
ebend.
3,5,17.
32,15.49,8.50,21.66,6.
131,28.
282,11.
2,43,1.
308,3.
ebend.
112,30.124,24.126,31.
321,7.
(7,9
155,1.
47,21.
123,14.
1,9,21.
181,22.
216,9.
ebend.
292,19
165,28.
22,2.
67,32.
281,17.
282,3.
227,14.
ebend.
213,16.
46,23.57,3.
133,29.
95,12.
16.
39,5.
294,9.296,28.
100,18.132,2.
101,11.
287,17.
140,14.155,29.157,8.296,4.318,6.
165,8.
489,18.492.10.
1,104,1.
8,3,6.6,38.7,14.9,10,4.
327,26.
117,15.
(120,18
278,26.279,29.280,3.
316,2.
133,26.
224,11.
290,3.304,15.
137,8.
213,19.
250,21.
154,6.
295,3.307,7.
134,30.
175,28.
293,18.25.309,20.313.
129,a,7.
60,13.
127,28.59,22.
177,20.
21,10.12.21.
21,20.
(291,24
11,5,50.
117,23.
621,26.
106,25.
323,16.
119,1.
294,32
297,7.
215,19.
236,21.
236,25.
60,12.
57,29.
36,25.
42,5
ebend.3.4.
91,16.
ebend.2,12,7
114,13.
23,3.
103,32.
328,2.
64,27.104,8.
308,3.
78,3.
86,26.
134,23.
304,23.
81,1.
ebend.
ebend.
72,28.
242
(99,16
297,28.
80,24
251,4.
22.
308,22.
315,2.
215,21.
445,3.
119,6.
328,27
110,2.
ebend.
115,4.
291,21.
153,10.
326,2.
221,15.
214,16.
60,13
256,31.
227,7.
6,25.30.
205,13.
71,22.90,22.
61,10.
104,1.
10,156,2.
72,27.78,30.
266,6.
107,16.
30,23.
213,17.
(250,14
7,10.16,16.23,22.
54,9.
325,30.
138,5.
119,12.
70,17.
105,4.
287,26.
(147,2
301,29.
160,23.
226,22
247,13.
324,30.
292,17.
9,17.
96,1
105,23.106,6.
205,5.6.212,13.14.
302,20.21
(312,4
301,30.
240,27fgg.
64,23.
236,18
248,16.
29,15.fgg.
